5
1
5
3
2
1
1
1
5
5
6
5
4
5
10
10
2
16
2
9
3
1684
11
323
118
22
53
95
6
1
15
26
5
5
1
2
1
2
1
1
1
7
30
114
5
1
6
20
11
1
2
10
10
9
9
8
4
8
10
6
7
30
1
3
6
1
4
7
49
51
1
1
1
2
2
3
15
3
1
19
18
1
4
1
1
12
4
5
5
6
95
6
5
4
4
1
1
3
14
24
5
1
1
2
5
1
9
4
1
4
3
16
8
3
10
2
5
15
1
3
2
3
3
3
1
1
8
1
2
4
14
3
7
33
1
9
1
1
5
3
1
1
2
3
17
1
4
2
4
1
160
2
2
16
17
10
10
10
5
3
1
18
2
1
7
3
17
3
1
5
4
4
4
8
3
8
2
2
9
14
6
198
1
4
1
3
1
1
1
15
3
1
4
1
5
3
3
3
3
3
24
1
1
3
5
2
2
1
5
1
2
2
3
3
3
22
16
3
1
1
1
2
2
2
2
1
8
9
2
1
1
1
1
40
2
4
2
1
2
6
422
15
1
318
1
1
23
4
22
10
5
7
5
3
17
5
2
18
14
3
1
15
6
11
9
3
2
62
33
5
6
6
17
28
4
1
6
3
1
2
1
1
1
8
1
1
1
2
3
2
1
2
5
6
6
9
19
2
12
2
2
3
1
11
3
1
11
1
1
4
5
3
2
2
1
2
1
6
1
1
2
8
4
1
2
8
10
2
2
1
10
2
4
4
1
4
3
1
16
4
4
4
4
4
4
4
1
8
3
6
1
1
1
5
4
636
1
1
11
1
1
2
12
2
13
20
4
41
3
496
2
1
1
1
4
2
3
2
3
1
1
2
1
1
1
1
18
14
4
1
1
26
14
26
10
2
2
9
3
8
10
3
6
1
12
5
5
2
2
1
1
2
5
17
16
4
9
11
4
1
2
7
1
1
1
1
1
1
5
2
0
12
1
1
1
1
1
1
1
1
1
5
0
24
2
2
2
2
2
1
0
13
1
1
1
1
1
1
1
0
8
1
1
1
1
1
1
0
11
362
8
2
16
8
1
1
20
1
1
2
2
1
1
1
10
13
46
35
8
4
35
10
6
11
2
1
1
1
9
3
12
2
14
15
7
6
3
8
6
3
3
4
21
2
1
3
17
1
2
2
13
10
5
7
1
3
7
7
7
7
7
7
7
7
7
6
6
6
1
1
1
1
1
1
1
1
1
2
3
2
4
5
9
6
7
2
8
8
28
28
27
28
28
27
6
6
6
6
6
6
11
4
11
4
11
4
11
4
11
4
11
4
6
5
6
2
6
2
2
2
7
5
8
13
1
8
5
3
3
3
3
3
3
3
3
5
4
5
3
3
6
3
3
3
8
3
3
3
3
3
3
9
10
3
3
3
11
3
3
3
3
3
3
3
3
3
3
3
7
3
37
9
6
11
1
2
3
3
6
2
6
2
3
2
1
1
3
18
6
6
6
6
6
6
6
6
6
3
3
7
1
1
1
1
3
3
2
2
2
2
2
2
2
2
2
5
5
5
7
7
8
8
11
11
11
11
11
11
3
5
4
1
1
1
1
1
39
23
6
3
1
4
1
1
4
4
28
17
13
7
11
7
1
3
2
3
3
3
4
4
6
4
4
4
3
3
4
3
3
3
1
14
3
3
3
3
3
3
1
2
3
3
2
2
4
1
3
2
2
3
3
2
2
1
3
3
1
1
4
2
3
3
3
3
2
2
2
2
2
2
2
3
3
2
2
2
2
2
2
3
3
2
2
2
2
3
3
2
2
2
2
3
3
2
2
2
2
3
3
2
2
15
2
4
3
3
1
2
2
1
5
5
5
5
5
5
5
5
5
19
19
19
19
19
19
19
19
19
18
18
18
18
18
18
18
18
18
1
13
4
4
4
4
13
4
4
4
4
13
4
4
4
4
13
4
4
4
4
13
4
4
4
4
13
4
4
4
4
13
4
4
4
4
13
4
4
4
4
13
4
4
4
4
9
7
7
7
4
4
4
4
2
2
2
2
2
2
2
3
3
3
3
3
3
3
3
3
3
3
3
5
5
6
5
5
4
4
4
5
5
6
4
2
2
2
2
6
6
6
5
3
3
2
2
3
2
6
2
1
5
1
3
5
1
4
1
4
3
4
3
3
2
1
2
12
5
1
1
1
2
34
14
23
23
3
3
10
7
18
28
26
26
20
8
6
6
6
6
6
5
24
10
9
4
4
6
12
13
11
17
1
1
19
145
30
4
11
2
9
1
1
11
11
7
7
18
0
35
32
8
2
2
1
9
10
11
10
29
18
5
3
9
7
2
1
2
2
1
1
1
1
1
2
4
1
3
1
3
6
1
1
11
1
1
2
8
22
2
2
2
3
3
4
1
3
3
6
2
2
2
15
12
3
3
4
3
1
5
5
4
1
2
6
1
4
2
2
9
1
2
2
1
2
1
1
1
1
4
4
7
6
1
2
27
2
4
1
2
1
2
1
1
1
1
1
2
29
1
4
2
3
1
1
78
26
0
0
1
1
1
1
2
1
2
1
1
9
11
11
8
2
2
2
2
1
0
0
0
0
